256,192,881070,5,0,1:0:0:0:
256,192,881320,1,0,1:0:0:0:
256,192,881570,1,8,1:0:0:0:
256,192,881820,1,0,1:0:0:0:
256,192,882070,1,8,1:0:0:0:
256,192,882320,1,0,1:0:0:0:
256,192,882445,1,0,1:0:0:0:
256,192,882570,1,8,1:0:0:0:
256,192,882820,1,8,1:0:0:0:
256,192,883070,1,0,1:0:0:0:
256,192,883320,1,0,1:0:0:0:
256,192,883570,1,8,1:0:0:0:
256,192,883945,1,0,1:0:0:0:
256,192,884070,1,12,1:0:0:0:
256,192,884570,1,8,1:0:0:0:
256,192,884653,1,8,1:0:0:0:
256,192,884736,1,0,1:0:0:0:
256,192,884820,1,8,1:0:0:0:
256,192,884903,1,0,1:0:0:0:
256,192,884986,1,0,1:0:0:0:
256,192,885070,1,8,1:0:0:0:
256,192,885153,1,8,1:0:0:0:
256,192,885236,1,0,1:0:0:0:
256,192,885320,1,8,1:0:0:0:
256,192,885403,1,0,1:0:0:0:
256,192,885486,1,0,1:0:0:0:
256,192,885570,1,8,1:0:0:0:
256,192,885653,1,8,1:0:0:0:
256,192,885736,1,8,1:0:0:0:
256,192,885820,1,0,1:0:0:0:
256,192,885903,1,0,1:0:0:0:
256,192,885986,1,0,1:0:0:0:
256,192,886070,1,8,1:0:0:0:
256,192,886153,1,8,1:0:0:0:
256,192,886236,1,0,1:0:0:0:
256,192,886320,1,8,1:0:0:0:
256,192,886403,1,0,1:0:0:0:
256,192,886486,1,0,1:0:0:0:
256,192,886570,1,8,1:0:0:0:
256,192,886653,1,8,1:0:0:0:
256,192,886736,1,0,1:0:0:0:
256,192,886820,1,0,1:0:0:0:
256,192,886903,1,0,1:0:0:0:
256,192,886986,1,0,1:0:0:0:
256,192,887070,1,8,1:0:0:0:
256,192,887195,1,0,1:0:0:0:
256,192,887257,1,0,1:0:0:0:
256,192,887320,1,8,1:0:0:0:
256,192,887445,1,8,1:0:0:0:
256,192,887632,1,0,1:0:0:0:
256,192,887695,1,0,1:0:0:0:
256,192,887820,1,8,1:0:0:0:
256,192,887945,1,0,1:0:0:0:
256,192,888070,1,8,1:0:0:0:
256,192,888132,1,0,1:0:0:0:
256,192,888195,1,0,1:0:0:0:
256,192,888257,1,0,1:0:0:0:
256,192,888320,1,8,1:0:0:0:
256,192,888445,1,8,1:0:0:0:
256,192,888570,1,0,1:0:0:0:
256,192,888632,1,0,1:0:0:0:
256,192,888695,1,0,1:0:0:0:
256,192,888820,1,8,1:0:0:0:
256,192,889007,1,0,1:0:0:0:
256,192,889070,1,8,1:0:0:0:
256,192,889195,1,0,1:0:0:0:
256,192,889257,1,0,1:0:0:0:
256,192,889320,1,8,1:0:0:0:
256,192,889445,1,0,1:0:0:0:
256,192,889570,1,8,1:0:0:0:
256,192,889632,1,0,1:0:0:0:
256,192,889695,1,8,1:0:0:0:
256,192,889757,1,8,1:0:0:0:
256,192,889820,1,0,1:0:0:0:
256,192,889945,1,0,1:0:0:0:
256,192,890070,1,8,1:0:0:0:
256,192,890195,1,0,1:0:0:0:
256,192,890257,1,0,1:0:0:0:
256,192,890320,1,8,1:0:0:0:
256,192,890445,1,8,1:0:0:0:
256,192,890570,1,0,1:0:0:0:
256,192,890695,1,0,1:0:0:0:
256,192,890757,1,0,1:0:0:0:
256,192,890820,1,8,1:0:0:0:
256,192,890945,1,0,1:0:0:0:
256,192,891070,1,8,1:0:0:0:
256,192,891153,1,8,1:0:0:0:
256,192,891236,1,0,1:0:0:0:
256,192,891320,1,8,1:0:0:0:
256,192,891403,1,0,1:0:0:0:
256,192,891486,1,0,1:0:0:0:
256,192,891570,1,8,1:0:0:0:
256,192,891653,1,8,1:0:0:0:
256,192,891736,1,8,1:0:0:0:
256,192,891820,1,0,1:0:0:0:
256,192,891903,1,0,1:0:0:0:
256,192,891986,1,0,1:0:0:0:
256,192,892070,1,12,1:0:0:0:
256,192,892570,1,0,1:0:0:0:
256,192,892695,1,8,1:0:0:0:
256,192,892820,1,8,1:0:0:0:
256,192,893070,1,0,1:0:0:0:
256,192,893195,1,0,1:0:0:0:
256,192,893320,1,8,1:0:0:0:
256,192,893445,1,0,1:0:0:0:
256,192,893570,1,8,1:0:0:0:
256,192,893820,1,8,1:0:0:0:
256,192,894070,1,0,1:0:0:0:
256,192,894195,1,8,1:0:0:0:
256,192,894257,1,8,1:0:0:0:
256,192,894320,1,0,1:0:0:0:
256,192,894445,1,0,1:0:0:0:
256,192,894570,1,8,1:0:0:0:
256,192,894695,1,0,1:0:0:0:
256,192,894820,1,8,1:0:0:0:
256,192,895070,1,0,1:0:0:0:
256,192,895195,1,0,1:0:0:0:
256,192,895320,1,8,1:0:0:0:
256,192,895445,1,0,1:0:0:0:
256,192,895570,1,8,1:0:0:0:
256,192,895820,1,0,1:0:0:0:
256,192,895945,1,8,1:0:0:0:
256,192,896070,1,0,1:0:0:0:
256,192,896195,1,8,1:0:0:0:
256,192,896320,1,0,1:0:0:0:
256,192,896382,1,0,1:0:0:0:
256,192,896445,1,0,1:0:0:0:
256,192,896570,1,8,1:0:0:0:
256,192,896695,1,0,1:0:0:0:
256,192,896820,1,8,1:0:0:0:
256,192,896882,1,0,1:0:0:0:
256,192,896945,1,8,1:0:0:0:
256,192,897007,1,8,1:0:0:0:
256,192,897070,1,0,1:0:0:0:
256,192,897195,1,0,1:0:0:0:
256,192,897257,1,0,1:0:0:0:
256,192,897320,1,8,1:0:0:0:
256,192,897445,1,0,1:0:0:0:
256,192,897570,1,8,1:0:0:0:
256,192,897695,1,0,1:0:0:0:
256,192,897820,1,8,1:0:0:0:
256,192,897945,1,0,1:0:0:0:
256,192,898070,1,8,1:0:0:0:
256,192,898132,1,8,1:0:0:0:
256,192,898195,1,8,1:0:0:0:
256,192,898320,1,0,1:0:0:0:
256,192,898445,1,8,1:0:0:0:
256,192,898570,1,8,1:0:0:0:
256,192,898820,1,0,1:0:0:0:
256,192,898945,1,0,1:0:0:0:
256,192,899070,1,8,1:0:0:0:
256,192,899195,1,8,1:0:0:0:
256,192,899257,1,8,1:0:0:0:
256,192,899320,1,8,1:0:0:0:
256,192,899445,1,0,1:0:0:0:
256,192,899570,1,8,1:0:0:0:
256,192,899695,1,8,1:0:0:0:
256,192,899757,1,8,1:0:0:0:
256,192,899820,1,0,1:0:0:0:
256,192,899945,1,0,1:0:0:0:
256,192,900070,1,8,1:0:0:0:
256,192,900195,1,8,1:0:0:0:
256,192,900257,1,0,1:0:0:0:
256,192,900320,1,8,1:0:0:0:
256,192,900445,1,0,1:0:0:0:
256,192,900570,1,8,1:0:0:0:
256,192,900820,1,8,1:0:0:0:
256,192,900945,1,0,1:0:0:0:
256,192,901070,1,8,1:0:0:0:
256,192,901195,1,0,1:0:0:0:
256,192,901257,1,0,1:0:0:0:
256,192,901320,1,0,1:0:0:0:
256,192,901445,1,0,1:0:0:0:
256,192,901570,1,8,1:0:0:0:
256,192,901820,1,8,1:0:0:0:
256,192,901945,1,0,1:0:0:0:
256,192,902070,1,8,1:0:0:0:
256,192,902195,1,0,1:0:0:0:
256,192,902320,1,8,1:0:0:0:
256,192,902445,1,0,1:0:0:0:
256,192,902507,1,0,1:0:0:0:
256,192,902570,1,8,1:0:0:0:
256,192,902695,1,0,1:0:0:0:
256,192,902820,1,8,1:0:0:0:
256,192,902945,1,8,1:0:0:0:
256,192,903007,1,8,1:0:0:0:
256,192,903070,1,0,1:0:0:0:
256,192,903320,1,8,1:0:0:0:
256,192,903445,1,0,1:0:0:0:
256,192,903507,1,0,1:0:0:0:
256,192,903570,1,8,1:0:0:0:
256,192,903695,1,0,1:0:0:0:
256,192,903820,1,8,1:0:0:0:
256,192,903945,1,8,1:0:0:0:
256,192,904070,1,0,1:0:0:0:
256,192,904320,1,8,1:0:0:0:
256,192,904570,1,8,1:0:0:0:
256,192,904695,1,0,1:0:0:0:
256,192,904820,1,8,1:0:0:0:
256,192,904882,1,8,1:0:0:0:
256,192,904945,1,8,1:0:0:0:
256,192,905007,1,8,1:0:0:0:
256,192,905070,1,0,1:0:0:0:
256,192,905320,1,0,1:0:0:0:
256,192,905445,1,0,1:0:0:0:
256,192,905570,1,8,1:0:0:0:
256,192,905632,1,8,1:0:0:0:
256,192,905695,1,0,1:0:0:0:
256,192,905820,1,8,1:0:0:0:
256,192,905945,1,8,1:0:0:0:
256,192,906070,1,0,1:0:0:0:
256,192,906195,1,0,1:0:0:0:
256,192,906257,1,0,1:0:0:0:
256,192,906320,1,8,1:0:0:0:
256,192,906445,1,0,1:0:0:0:
256,192,906570,1,8,1:0:0:0:
256,192,906695,1,0,1:0:0:0:
256,192,906945,1,8,1:0:0:0:
256,192,907070,1,0,1:0:0:0:
256,192,907132,1,0,1:0:0:0:
256,192,907195,1,0,1:0:0:0:
256,192,907320,1,8,1:0:0:0:
256,192,907445,1,8,1:0:0:0:
256,192,907570,1,0,1:0:0:0:
256,192,907632,1,0,1:0:0:0:
256,192,907695,1,0,1:0:0:0:
256,192,907820,1,8,1:0:0:0:
256,192,907945,1,8,1:0:0:0:
256,192,908070,1,0,1:0:0:0:
256,192,908195,1,8,1:0:0:0:
256,192,908257,1,8,1:0:0:0:
256,192,908320,1,0,1:0:0:0:
256,192,908445,1,0,1:0:0:0:
256,192,908570,1,8,1:0:0:0:
256,192,908695,1,0,1:0:0:0:
256,192,908820,1,8,1:0:0:0:
256,192,908945,1,8,1:0:0:0:
256,192,909007,1,8,1:0:0:0:
256,192,909070,1,0,1:0:0:0:
256,192,909195,1,0,1:0:0:0:
256,192,909320,1,8,1:0:0:0:
256,192,909445,1,8,1:0:0:0:
256,192,909507,1,8,1:0:0:0:
256,192,909570,1,0,1:0:0:0:
256,192,909695,1,0,1:0:0:0:
256,192,909820,1,8,1:0:0:0:
256,192,909945,1,8,1:0:0:0:
256,192,910007,1,8,1:0:0:0:
256,192,910070,1,0,1:0:0:0:
256,192,910195,1,0,1:0:0:0:
256,192,910320,1,8,1:0:0:0:
256,192,910445,1,0,1:0:0:0:
256,192,910507,1,0,1:0:0:0:
256,192,910570,1,8,1:0:0:0:
256,192,910695,1,0,1:0:0:0:
256,192,910820,1,8,1:0:0:0:
256,192,910945,1,8,1:0:0:0:
256,192,911007,1,8,1:0:0:0:
256,192,911070,1,0,1:0:0:0:
256,192,911195,1,0,1:0:0:0:
256,192,911257,1,0,1:0:0:0:
256,192,911320,1,8,1:0:0:0:
256,192,911445,1,0,1:0:0:0:
256,192,911570,1,8,1:0:0:0:
256,192,911632,1,0,1:0:0:0:
256,192,911695,1,0,1:0:0:0:
256,192,911757,1,0,1:0:0:0:
256,192,911820,1,8,1:0:0:0:
256,192,911945,1,0,1:0:0:0:
256,192,912070,1,0,1:0:0:0:
256,192,912195,1,0,1:0:0:0:
256,192,912257,1,0,1:0:0:0:
256,192,912320,1,8,1:0:0:0:
256,192,912445,1,0,1:0:0:0:
256,192,912570,1,8,1:0:0:0:
256,192,912695,1,8,1:0:0:0:
256,192,912757,1,8,1:0:0:0:
256,192,912820,1,8,1:0:0:0:
256,192,912945,1,8,1:0:0:0:
256,192,913070,1,0,1:0:0:0:
256,192,913320,1,0,1:0:0:0:
256,192,913445,1,0,1:0:0:0:
256,192,913507,1,0,1:0:0:0:
256,192,913570,1,8,1:0:0:0:
256,192,913695,1,0,1:0:0:0:
256,192,913820,1,8,1:0:0:0:
256,192,913882,1,8,1:0:0:0:
256,192,913945,1,8,1:0:0:0:
256,192,914070,1,0,1:0:0:0:
256,192,914195,1,0,1:0:0:0:
256,192,914320,1,8,1:0:0:0:
256,192,914382,1,0,1:0:0:0:
256,192,914445,1,8,1:0:0:0:
256,192,914570,1,0,1:0:0:0:
256,192,914695,1,0,1:0:0:0:
256,192,914820,1,8,1:0:0:0:
256,192,914945,1,0,1:0:0:0:
256,192,915070,1,8,1:0:0:0:
256,192,915132,1,8,1:0:0:0:
256,192,915195,1,0,1:0:0:0:
256,192,915320,1,8,1:0:0:0:
256,192,915445,1,0,1:0:0:0:
256,192,915570,1,8,1:0:0:0:
256,192,915632,1,8,1:0:0:0:
256,192,915695,1,0,1:0:0:0:
256,192,915820,1,8,1:0:0:0:
256,192,915945,1,0,1:0:0:0:
256,192,916070,1,8,1:0:0:0:
256,192,916132,1,8,1:0:0:0:
256,192,916195,1,8,1:0:0:0:
256,192,916320,1,0,1:0:0:0:
256,192,916445,1,0,1:0:0:0:
256,192,916570,1,8,1:0:0:0:
256,192,916632,1,0,1:0:0:0:
256,192,916695,1,8,1:0:0:0:
256,192,916820,1,0,1:0:0:0:
256,192,916945,1,8,1:0:0:0:
256,192,917070,1,0,1:0:0:0:
256,192,917195,1,0,1:0:0:0:
256,192,917257,1,0,1:0:0:0:
256,192,917320,1,8,1:0:0:0:
256,192,917445,1,0,1:0:0:0:
256,192,917570,1,8,1:0:0:0:
256,192,917632,1,8,1:0:0:0:
256,192,917695,1,0,1:0:0:0:
256,192,917820,1,8,1:0:0:0:
256,192,917945,1,0,1:0:0:0:
256,192,918070,1,0,1:0:0:0:
256,192,918195,1,0,1:0:0:0:
256,192,918257,1,0,1:0:0:0:
256,192,918320,1,8,1:0:0:0:
256,192,918445,1,0,1:0:0:0:
256,192,918570,1,8,1:0:0:0:
256,192,918632,1,0,1:0:0:0:
256,192,918695,1,8,1:0:0:0:
256,192,918757,1,8,1:0:0:0:
256,192,918820,1,0,1:0:0:0:
256,192,918945,1,8,1:0:0:0:
256,192,919070,1,0,1:0:0:0:
256,192,919195,1,0,1:0:0:0:
256,192,919257,1,0,1:0:0:0:
256,192,919320,1,8,1:0:0:0:
256,192,919445,1,0,1:0:0:0:
256,192,919570,1,8,1:0:0:0:
256,192,919632,1,0,1:0:0:0:
256,192,919695,1,0,1:0:0:0:
256,192,919820,1,8,1:0:0:0:
256,192,919945,1,8,1:0:0:0:
256,192,920007,1,8,1:0:0:0:
256,192,920070,1,0,1:0:0:0:
256,192,920195,1,0,1:0:0:0:
256,192,920257,1,0,1:0:0:0:
256,192,920320,1,8,1:0:0:0:
256,192,920445,1,0,1:0:0:0:
256,192,920570,1,8,1:0:0:0:
256,192,920695,1,0,1:0:0:0:
256,192,920820,1,8,1:0:0:0:
256,192,920945,1,8,1:0:0:0:
256,192,921070,1,0,1:0:0:0:
256,192,921195,1,0,1:0:0:0:
256,192,921257,1,0,1:0:0:0:
256,192,921320,1,8,1:0:0:0:
256,192,921445,1,0,1:0:0:0:
256,192,921570,1,8,1:0:0:0:
256,192,921632,1,8,1:0:0:0:
256,192,921695,1,0,1:0:0:0:
256,192,921757,1,0,1:0:0:0:
256,192,921820,1,8,1:0:0:0:
256,192,921945,1,8,1:0:0:0:
256,192,922070,1,0,1:0:0:0:
256,192,922195,1,0,1:0:0:0:
256,192,922257,1,0,1:0:0:0:
256,192,922320,1,8,1:0:0:0:
256,192,922445,1,0,1:0:0:0:
256,192,922570,1,8,1:0:0:0:
256,192,922632,1,0,1:0:0:0:
256,192,922695,1,0,1:0:0:0:
256,192,922757,1,0,1:0:0:0:
256,192,922820,1,8,1:0:0:0:
256,192,922945,1,8,1:0:0:0:
256,192,923070,1,0,1:0:0:0:
256,192,923195,1,0,1:0:0:0:
256,192,923257,1,0,1:0:0:0:
256,192,923320,1,8,1:0:0:0:
256,192,923445,1,0,1:0:0:0:
256,192,923570,1,8,1:0:0:0:
256,192,923695,1,0,1:0:0:0:
256,192,923757,1,0,1:0:0:0:
256,192,923820,1,0,1:0:0:0:
256,192,923945,1,8,1:0:0:0:
256,192,924070,1,0,1:0:0:0:
256,192,924195,1,0,1:0:0:0:
256,192,924257,1,0,1:0:0:0:
256,192,924320,1,8,1:0:0:0:
256,192,924445,1,0,1:0:0:0:
256,192,924570,1,8,1:0:0:0:
256,192,924632,1,8,1:0:0:0:
256,192,924695,1,0,1:0:0:0:
256,192,924757,1,0,1:0:0:0:
256,192,924820,1,8,1:0:0:0:
256,192,924945,1,8,1:0:0:0:
256,192,925070,1,0,1:0:0:0:
256,192,925195,1,0,1:0:0:0:
256,192,925257,1,0,1:0:0:0:
256,192,925320,1,8,1:0:0:0:
256,192,925445,1,8,1:0:0:0:
256,192,925570,1,0,1:0:0:0:
256,192,925632,1,0,1:0:0:0:
256,192,925695,1,0,1:0:0:0:
256,192,925820,1,8,1:0:0:0:
256,192,925945,1,0,1:0:0:0:
256,192,926070,1,8,1:0:0:0:
256,192,926195,1,0,1:0:0:0:
256,192,926257,1,0,1:0:0:0:
256,192,926320,1,8,1:0:0:0:
256,192,926445,1,8,1:0:0:0:
256,192,926570,1,0,1:0:0:0:
256,192,926695,1,0,1:0:0:0:
256,192,926820,1,8,1:0:0:0:
256,192,926882,1,0,1:0:0:0:
256,192,926945,1,8,1:0:0:0:
256,192,927007,1,8,1:0:0:0:
256,192,927070,1,0,1:0:0:0:
256,192,927195,1,0,1:0:0:0:
256,192,927257,1,0,1:0:0:0:
256,192,927320,1,8,1:0:0:0:
256,192,927445,1,0,1:0:0:0:
256,192,927570,1,8,1:0:0:0:
256,192,927632,1,8,1:0:0:0:
256,192,927695,1,0,1:0:0:0:
256,192,927757,1,0,1:0:0:0:
256,192,927820,1,8,1:0:0:0:
256,192,927882,1,0,1:0:0:0:
256,192,927945,1,0,1:0:0:0:
256,192,928007,1,0,1:0:0:0:
256,192,928070,1,8,1:0:0:0:
256,192,928570,1,8,1:0:0:0:
256,192,928695,1,0,1:0:0:0:
256,192,928820,1,8,1:0:0:0:
256,192,928945,1,8,1:0:0:0:
256,192,929070,1,4,1:0:0:0:
256,192,929195,1,0,1:0:0:0:
256,192,929257,1,0,1:0:0:0:
256,192,929320,1,8,1:0:0:0:
256,192,929445,1,0,1:0:0:0:
256,192,929570,1,8,1:0:0:0:
256,192,929632,1,8,1:0:0:0:
256,192,929695,1,0,1:0:0:0:
256,192,929820,1,8,1:0:0:0:
256,192,929945,1,0,1:0:0:0:
256,192,930007,1,0,1:0:0:0:
256,192,930070,1,8,1:0:0:0:
256,192,930195,1,0,1:0:0:0:
256,192,930320,1,8,1:0:0:0:
256,192,930445,1,8,1:0:0:0:
256,192,930570,1,0,1:0:0:0:
256,192,930695,1,8,1:0:0:0:
256,192,930757,1,0,1:0:0:0:
256,192,930820,1,8,1:0:0:0:
256,192,930945,1,0,1:0:0:0:
256,192,931070,1,8,1:0:0:0:
256,192,931195,1,0,1:0:0:0:
256,192,931257,1,0,1:0:0:0:
256,192,931320,1,8,1:0:0:0:
256,192,931445,1,8,1:0:0:0:
256,192,931570,1,0,1:0:0:0:
256,192,931632,1,0,1:0:0:0:
256,192,931695,1,8,1:0:0:0:
256,192,931757,1,0,1:0:0:0:
256,192,931820,1,0,1:0:0:0:
256,192,931945,1,8,1:0:0:0:
256,192,932007,1,8,1:0:0:0:
256,192,932070,1,0,1:0:0:0:
256,192,932195,1,0,1:0:0:0:
256,192,932320,1,8,1:0:0:0:
256,192,932445,1,0,1:0:0:0:
256,192,932507,1,0,1:0:0:0:
256,192,932570,1,8,1:0:0:0:
256,192,932695,1,0,1:0:0:0:
256,192,932820,1,8,1:0:0:0:
256,192,932882,1,8,1:0:0:0:
256,192,932945,1,8,1:0:0:0:
256,192,933007,1,8,1:0:0:0:
256,192,933070,1,0,1:0:0:0:
256,192,933195,1,0,1:0:0:0:
256,192,933257,1,0,1:0:0:0:
256,192,933320,1,8,1:0:0:0:
256,192,933445,1,0,1:0:0:0:
256,192,933570,1,8,1:0:0:0:
256,192,933695,1,0,1:0:0:0:
256,192,933820,1,8,1:0:0:0:
256,192,933882,1,0,1:0:0:0:
256,192,933945,1,8,1:0:0:0:
256,192,934007,1,8,1:0:0:0:
256,192,934070,1,0,1:0:0:0:
256,192,934195,1,0,1:0:0:0:
256,192,934257,1,0,1:0:0:0:
256,192,934320,1,8,1:0:0:0:
256,192,934445,1,8,1:0:0:0:
256,192,934570,1,0,1:0:0:0:
256,192,934695,1,0,1:0:0:0:
256,192,934757,1,0,1:0:0:0:
256,192,934820,1,8,1:0:0:0:
256,192,934945,1,0,1:0:0:0:
256,192,935070,1,8,1:0:0:0:
256,192,935195,1,0,1:0:0:0:
256,192,935320,1,8,1:0:0:0:
256,192,935382,1,8,1:0:0:0:
256,192,935445,1,0,1:0:0:0:
256,192,935570,1,8,1:0:0:0:
256,192,935695,1,0,1:0:0:0:
256,192,935757,1,0,1:0:0:0:
256,192,935820,1,8,1:0:0:0:
256,192,935945,1,0,1:0:0:0:
256,192,936070,1,8,1:0:0:0:
256,192,936195,1,0,1:0:0:0:
256,192,936257,1,0,1:0:0:0:
256,192,936320,1,8,1:0:0:0:
256,192,936445,1,8,1:0:0:0:
256,192,936570,1,0,1:0:0:0:
256,192,936632,1,0,1:0:0:0:
256,192,936695,1,8,1:0:0:0:
256,192,936757,1,0,1:0:0:0:
256,192,936820,1,8,1:0:0:0:
256,192,936882,1,8,1:0:0:0:
256,192,936945,1,0,1:0:0:0:
256,192,937007,1,0,1:0:0:0:
256,192,937070,1,8,1:0:0:0:
256,192,937195,1,0,1:0:0:0:
256,192,937320,1,8,1:0:0:0:
256,192,937382,1,8,1:0:0:0:
256,192,937445,1,0,1:0:0:0:
256,192,937570,1,8,1:0:0:0:
256,192,937695,1,0,1:0:0:0:
256,192,937820,1,8,1:0:0:0:
256,192,937945,1,0,1:0:0:0:
256,192,938007,1,0,1:0:0:0:
256,192,938070,1,8,1:0:0:0:
256,192,938132,1,0,1:0:0:0:
256,192,938195,1,0,1:0:0:0:
256,192,938257,1,0,1:0:0:0:
256,192,938320,1,8,1:0:0:0:
256,192,938445,1,8,1:0:0:0:
256,192,938570,1,0,1:0:0:0:
256,192,938632,1,0,1:0:0:0:
256,192,938695,1,8,1:0:0:0:
256,192,938757,1,0,1:0:0:0:
256,192,938820,1,8,1:0:0:0:
256,192,938945,1,0,1:0:0:0:
256,192,939070,1,8,1:0:0:0:
256,192,939195,1,0,1:0:0:0:
256,192,939257,1,0,1:0:0:0:
256,192,939320,1,8,1:0:0:0:
256,192,939445,1,0,1:0:0:0:
256,192,939570,1,8,1:0:0:0:
256,192,939632,1,0,1:0:0:0:
256,192,939695,1,0,1:0:0:0:
256,192,939820,1,8,1:0:0:0:
256,192,939945,1,8,1:0:0:0:
256,192,940007,1,8,1:0:0:0:
256,192,940070,1,0,1:0:0:0:
256,192,940195,1,0,1:0:0:0:
256,192,940257,1,0,1:0:0:0:
256,192,940320,1,8,1:0:0:0:
256,192,940445,1,0,1:0:0:0:
256,192,940507,1,0,1:0:0:0:
256,192,940570,1,8,1:0:0:0:
256,192,940695,1,0,1:0:0:0:
256,192,940820,1,8,1:0:0:0:
256,192,940882,1,0,1:0:0:0:
256,192,940945,1,8,1:0:0:0:
256,192,941070,1,4,1:0:0:0:
256,192,941195,1,0,1:0:0:0:
256,192,941257,1,0,1:0:0:0:
256,192,941320,1,8,1:0:0:0:
256,192,941445,1,0,1:0:0:0:
256,192,941570,1,8,1:0:0:0:
256,192,941820,1,0,1:0:0:0:
256,192,941945,1,0,1:0:0:0:
256,192,942070,1,12,1:0:0:0:
256,192,942195,1,0,1:0:0:0:
256,192,942320,1,8,1:0:0:0:
256,192,942445,1,8,1:0:0:0:
256,192,942695,1,8,1:0:0:0:
256,192,943070,1,0,1:0:0:0:
256,192,943320,1,0,1:0:0:0:
256,192,943570,1,8,1:0:0:0:
256,192,943820,1,0,1:0:0:0:
256,192,944070,1,8,1:0:0:0:
256,192,944320,1,0,1:0:0:0:
256,192,944445,1,0,1:0:0:0:
256,192,944570,1,8,1:0:0:0:
256,192,944820,1,8,1:0:0:0:
256,192,945070,1,0,1:0:0:0:
256,192,945320,1,0,1:0:0:0:
256,192,945570,1,8,1:0:0:0:
256,192,945945,1,0,1:0:0:0:
256,192,946070,1,12,1:0:0:0:
256,192,946570,1,8,1:0:0:0:
256,192,946653,1,8,1:0:0:0:
256,192,946736,1,0,1:0:0:0:
256,192,946820,1,8,1:0:0:0:
256,192,946903,1,0,1:0:0:0:
256,192,946986,1,0,1:0:0:0:
256,192,947070,1,8,1:0:0:0:
256,192,947153,1,8,1:0:0:0:
256,192,947236,1,8,1:0:0:0:
256,192,947320,1,0,1:0:0:0:
256,192,947403,1,0,1:0:0:0:
256,192,947486,1,0,1:0:0:0:
256,192,947570,1,8,1:0:0:0:
256,192,947653,1,8,1:0:0:0:
256,192,947736,1,0,1:0:0:0:
256,192,947820,1,8,1:0:0:0:
256,192,947903,1,8,1:0:0:0:
256,192,947986,1,0,1:0:0:0:
256,192,948070,1,8,1:0:0:0:
256,192,948153,1,0,1:0:0:0:
256,192,948236,1,0,1:0:0:0:
256,192,948320,1,8,1:0:0:0:
256,192,948403,1,0,1:0:0:0:
256,192,948486,1,0,1:0:0:0:
256,192,948570,1,8,1:0:0:0:
256,192,948653,1,8,1:0:0:0:
256,192,948736,1,0,1:0:0:0:
256,192,948820,1,0,1:0:0:0:
256,192,948903,1,0,1:0:0:0:
256,192,948986,1,0,1:0:0:0:
256,192,949070,1,8,1:0:0:0:
256,192,949195,1,0,1:0:0:0:
256,192,949257,1,0,1:0:0:0:
256,192,949320,1,8,1:0:0:0:
256,192,949445,1,8,1:0:0:0:
256,192,949632,1,0,1:0:0:0:
256,192,949695,1,0,1:0:0:0:
256,192,949820,1,8,1:0:0:0:
256,192,949945,1,0,1:0:0:0:
256,192,950070,1,8,1:0:0:0:
256,192,950132,1,0,1:0:0:0:
256,192,950195,1,0,1:0:0:0:
256,192,950257,1,0,1:0:0:0:
256,192,950320,1,8,1:0:0:0:
256,192,950445,1,8,1:0:0:0:
256,192,950570,1,0,1:0:0:0:
256,192,950632,1,0,1:0:0:0:
256,192,950695,1,0,1:0:0:0:
256,192,950820,1,8,1:0:0:0:
256,192,951007,1,0,1:0:0:0:
256,192,951070,1,8,1:0:0:0:
256,192,951195,1,0,1:0:0:0:
256,192,951257,1,0,1:0:0:0:
256,192,951320,1,8,1:0:0:0:
256,192,951445,1,0,1:0:0:0:
256,192,951570,1,8,1:0:0:0:
256,192,951632,1,0,1:0:0:0:
256,192,951695,1,8,1:0:0:0:
256,192,951757,1,8,1:0:0:0:
256,192,951820,1,0,1:0:0:0:
256,192,951945,1,0,1:0:0:0:
256,192,952070,1,8,1:0:0:0:
256,192,952195,1,0,1:0:0:0:
256,192,952257,1,0,1:0:0:0:
256,192,952320,1,8,1:0:0:0:
256,192,952382,1,0,1:0:0:0:
256,192,952445,1,8,1:0:0:0:
256,192,952507,1,8,1:0:0:0:
256,192,952570,1,0,1:0:0:0:
256,192,952695,1,0,1:0:0:0:
256,192,952757,1,0,1:0:0:0:
256,192,952820,1,8,1:0:0:0:
256,192,952945,1,0,1:0:0:0:
256,192,953070,1,8,1:0:0:0:
256,192,953153,1,8,1:0:0:0:
256,192,953236,1,8,1:0:0:0:
256,192,953320,1,0,1:0:0:0:
256,192,953403,1,0,1:0:0:0:
256,192,953486,1,0,1:0:0:0:
256,192,953570,1,8,1:0:0:0:
256,192,953653,1,8,1:0:0:0:
256,192,953736,1,0,1:0:0:0:
256,192,953820,1,8,1:0:0:0:
256,192,953903,1,0,1:0:0:0:
256,192,953986,1,0,1:0:0:0:
256,192,954070,1,12,1:0:0:0:
256,192,954570,1,0,1:0:0:0:
256,192,954695,1,8,1:0:0:0:
256,192,954820,1,8,1:0:0:0:
256,192,955070,1,0,1:0:0:0:
256,192,955195,1,0,1:0:0:0:
256,192,955320,1,8,1:0:0:0:
256,192,955445,1,0,1:0:0:0:
256,192,955570,1,8,1:0:0:0:
256,192,955820,1,8,1:0:0:0:
256,192,956070,1,0,1:0:0:0:
256,192,956195,1,8,1:0:0:0:
256,192,956257,1,8,1:0:0:0:
256,192,956320,1,0,1:0:0:0:
256,192,956445,1,0,1:0:0:0:
256,192,956570,1,8,1:0:0:0:
256,192,956695,1,0,1:0:0:0:
256,192,956820,1,8,1:0:0:0:
256,192,956945,1,8,1:0:0:0:
256,192,957070,1,0,1:0:0:0:
256,192,957320,1,8,1:0:0:0:
256,192,957445,1,0,1:0:0:0:
256,192,957570,1,8,1:0:0:0:
256,192,957820,1,0,1:0:0:0:
256,192,957945,1,8,1:0:0:0:
256,192,958070,1,0,1:0:0:0:
256,192,958195,1,8,1:0:0:0:
256,192,958320,1,0,1:0:0:0:
256,192,958382,1,0,1:0:0:0:
256,192,958445,1,0,1:0:0:0:
256,192,958570,1,8,1:0:0:0:
256,192,958695,1,0,1:0:0:0:
256,192,958820,1,8,1:0:0:0:
256,192,958882,1,0,1:0:0:0:
256,192,958945,1,8,1:0:0:0:
256,192,959007,1,8,1:0:0:0:
256,192,959070,1,0,1:0:0:0:
256,192,959195,1,0,1:0:0:0:
256,192,959257,1,0,1:0:0:0:
256,192,959320,1,8,1:0:0:0:
256,192,959445,1,0,1:0:0:0:
256,192,959570,1,8,1:0:0:0:
256,192,959695,1,0,1:0:0:0:
256,192,959820,1,8,1:0:0:0:
256,192,959945,1,0,1:0:0:0:
256,192,960070,1,8,1:0:0:0:
256,192,960132,1,8,1:0:0:0:
256,192,960195,1,8,1:0:0:0:
256,192,960320,1,0,1:0:0:0:
256,192,960445,1,0,1:0:0:0:
256,192,960570,1,8,1:0:0:0:
256,192,960820,1,0,1:0:0:0:
256,192,960945,1,0,1:0:0:0:
256,192,961070,1,8,1:0:0:0:
256,192,961195,1,8,1:0:0:0:
256,192,961257,1,8,1:0:0:0:
256,192,961320,1,8,1:0:0:0:
256,192,961445,1,0,1:0:0:0:
256,192,961570,1,8,1:0:0:0:
256,192,961695,1,8,1:0:0:0:
256,192,961757,1,8,1:0:0:0:
256,192,961820,1,0,1:0:0:0:
256,192,961945,1,0,1:0:0:0:
256,192,962070,1,8,1:0:0:0:
256,192,962195,1,8,1:0:0:0:
256,192,962257,1,0,1:0:0:0:
256,192,962320,1,8,1:0:0:0:
256,192,962445,1,0,1:0:0:0:
256,192,962570,1,8,1:0:0:0:
256,192,962820,1,8,1:0:0:0:
256,192,962945,1,0,1:0:0:0:
256,192,963070,1,8,1:0:0:0:
256,192,963195,1,0,1:0:0:0:
256,192,963257,1,0,1:0:0:0:
256,192,963320,1,0,1:0:0:0:
256,192,963445,1,0,1:0:0:0:
256,192,963570,1,8,1:0:0:0:
256,192,963820,1,8,1:0:0:0:
256,192,963945,1,0,1:0:0:0:
256,192,964070,1,8,1:0:0:0:
256,192,964195,1,8,1:0:0:0:
256,192,964320,1,0,1:0:0:0:
256,192,964445,1,0,1:0:0:0:
256,192,964507,1,0,1:0:0:0:
256,192,964570,1,8,1:0:0:0:
256,192,964695,1,0,1:0:0:0:
256,192,964820,1,8,1:0:0:0:
256,192,964945,1,8,1:0:0:0:
256,192,965070,1,0,1:0:0:0:
256,192,965320,1,8,1:0:0:0:
256,192,965445,1,0,1:0:0:0:
256,192,965507,1,0,1:0:0:0:
256,192,965570,1,8,1:0:0:0:
256,192,965695,1,0,1:0:0:0:
256,192,965820,1,8,1:0:0:0:
256,192,965945,1,8,1:0:0:0:
256,192,966070,1,0,1:0:0:0:
256,192,966320,1,8,1:0:0:0:
256,192,966570,1,8,1:0:0:0:
256,192,966695,1,0,1:0:0:0:
256,192,966820,1,8,1:0:0:0:
256,192,966882,1,0,1:0:0:0:
256,192,966945,1,8,1:0:0:0:
256,192,967007,1,8,1:0:0:0:
256,192,967070,1,0,1:0:0:0:
256,192,967320,1,0,1:0:0:0:
256,192,967445,1,0,1:0:0:0:
256,192,967570,1,8,1:0:0:0:
256,192,967632,1,0,1:0:0:0:
256,192,967695,1,0,1:0:0:0:
256,192,967820,1,8,1:0:0:0:
256,192,967945,1,0,1:0:0:0:
256,192,968070,1,8,1:0:0:0:
256,192,968195,1,8,1:0:0:0:
256,192,968257,1,8,1:0:0:0:
256,192,968320,1,8,1:0:0:0:
256,192,968445,1,0,1:0:0:0:
256,192,968570,1,8,1:0:0:0:
256,192,968695,1,8,1:0:0:0:
256,192,968820,1,0,1:0:0:0:
256,192,968945,1,8,1:0:0:0:
256,192,969070,1,0,1:0:0:0:
256,192,969132,1,0,1:0:0:0:
256,192,969195,1,8,1:0:0:0:
256,192,969257,1,0,1:0:0:0:
256,192,969320,1,8,1:0:0:0:
256,192,969445,1,8,1:0:0:0:
256,192,969570,1,0,1:0:0:0:
256,192,969632,1,0,1:0:0:0:
256,192,969695,1,8,1:0:0:0:
256,192,969757,1,0,1:0:0:0:
256,192,969820,1,8,1:0:0:0:
256,192,969945,1,8,1:0:0:0:
256,192,970070,1,0,1:0:0:0:
256,192,970195,1,8,1:0:0:0:
256,192,970257,1,8,1:0:0:0:
256,192,970320,1,0,1:0:0:0:
256,192,970445,1,0,1:0:0:0:
256,192,970570,1,8,1:0:0:0:
256,192,970695,1,0,1:0:0:0:
256,192,970757,1,0,1:0:0:0:
256,192,970820,1,8,1:0:0:0:
256,192,970882,1,0,1:0:0:0:
256,192,970945,1,8,1:0:0:0:
256,192,971007,1,8,1:0:0:0:
256,192,971070,1,0,1:0:0:0:
256,192,971195,1,0,1:0:0:0:
256,192,971320,1,8,1:0:0:0:
256,192,971382,1,8,1:0:0:0:
256,192,971445,1,8,1:0:0:0:
256,192,971507,1,8,1:0:0:0:
256,192,971570,1,0,1:0:0:0:
256,192,971695,1,0,1:0:0:0:
256,192,971820,1,8,1:0:0:0:
256,192,971882,1,8,1:0:0:0:
256,192,971945,1,8,1:0:0:0:
256,192,972007,1,8,1:0:0:0:
256,192,972070,1,0,1:0:0:0:
256,192,972195,1,0,1:0:0:0:
256,192,972320,1,8,1:0:0:0:
256,192,972382,1,8,1:0:0:0:
256,192,972445,1,0,1:0:0:0:
256,192,972570,1,8,1:0:0:0:
256,192,972695,1,0,1:0:0:0:
256,192,972757,1,0,1:0:0:0:
256,192,972820,1,8,1:0:0:0:
256,192,972882,1,0,1:0:0:0:
256,192,972945,1,8,1:0:0:0:
256,192,973007,1,8,1:0:0:0:
256,192,973070,1,0,1:0:0:0:
256,192,973195,1,0,1:0:0:0:
256,192,973257,1,0,1:0:0:0:
256,192,973320,1,8,1:0:0:0:
256,192,973445,1,0,1:0:0:0:
256,192,973570,1,8,1:0:0:0:
256,192,973632,1,0,1:0:0:0:
256,192,973695,1,0,1:0:0:0:
256,192,973757,1,0,1:0:0:0:
256,192,973820,1,8,1:0:0:0:
256,192,973945,1,0,1:0:0:0:
256,192,974070,1,0,1:0:0:0:
256,192,974195,1,0,1:0:0:0:
256,192,974257,1,0,1:0:0:0:
256,192,974320,1,8,1:0:0:0:
256,192,974445,1,0,1:0:0:0:
256,192,974570,1,8,1:0:0:0:
256,192,974695,1,0,1:0:0:0:
256,192,974757,1,0,1:0:0:0:
256,192,974820,1,8,1:0:0:0:
256,192,974882,1,8,1:0:0:0:
256,192,974945,1,0,1:0:0:0:
256,192,975007,1,0,1:0:0:0:
256,192,975070,1,8,1:0:0:0:
256,192,975320,1,0,1:0:0:0:
256,192,975445,1,0,1:0:0:0:
256,192,975507,1,0,1:0:0:0:
256,192,975570,1,8,1:0:0:0:
256,192,975695,1,0,1:0:0:0:
256,192,975820,1,8,1:0:0:0:
256,192,975882,1,8,1:0:0:0:
256,192,975945,1,8,1:0:0:0:
256,192,976007,1,8,1:0:0:0:
256,192,976070,1,0,1:0:0:0:
256,192,976195,1,0,1:0:0:0:
256,192,976320,1,8,1:0:0:0:
256,192,976382,1,0,1:0:0:0:
256,192,976445,1,8,1:0:0:0:
256,192,976507,1,0,1:0:0:0:
256,192,976570,1,0,1:0:0:0:
256,192,976695,1,0,1:0:0:0:
256,192,976820,1,8,1:0:0:0:
256,192,976882,1,0,1:0:0:0:
256,192,976945,1,8,1:0:0:0:
256,192,977007,1,0,1:0:0:0:
256,192,977070,1,8,1:0:0:0:
256,192,977132,1,8,1:0:0:0:
256,192,977195,1,0,1:0:0:0:
256,192,977320,1,8,1:0:0:0:
256,192,977445,1,0,1:0:0:0:
256,192,977570,1,8,1:0:0:0:
256,192,977632,1,8,1:0:0:0:
256,192,977695,1,0,1:0:0:0:
256,192,977820,1,8,1:0:0:0:
256,192,977945,1,0,1:0:0:0:
256,192,978070,1,8,1:0:0:0:
256,192,978132,1,8,1:0:0:0:
256,192,978195,1,8,1:0:0:0:
256,192,978320,1,0,1:0:0:0:
256,192,978445,1,0,1:0:0:0:
256,192,978570,1,8,1:0:0:0:
256,192,978632,1,0,1:0:0:0:
256,192,978695,1,8,1:0:0:0:
256,192,978820,1,0,1:0:0:0:
256,192,978945,1,8,1:0:0:0:
256,192,979070,1,0,1:0:0:0:
256,192,979195,1,0,1:0:0:0:
256,192,979257,1,0,1:0:0:0:
256,192,979320,1,8,1:0:0:0:
256,192,979445,1,0,1:0:0:0:
256,192,979570,1,8,1:0:0:0:
256,192,979632,1,8,1:0:0:0:
256,192,979695,1,0,1:0:0:0:
256,192,979820,1,8,1:0:0:0:
256,192,979945,1,0,1:0:0:0:
256,192,980070,1,0,1:0:0:0:
256,192,980195,1,0,1:0:0:0:
256,192,980257,1,0,1:0:0:0:
256,192,980320,1,8,1:0:0:0:
256,192,980445,1,0,1:0:0:0:
256,192,980570,1,8,1:0:0:0:
256,192,980632,1,0,1:0:0:0:
256,192,980695,1,8,1:0:0:0:
256,192,980757,1,8,1:0:0:0:
256,192,980820,1,0,1:0:0:0:
256,192,980945,1,8,1:0:0:0:
256,192,981070,1,0,1:0:0:0:
256,192,981195,1,0,1:0:0:0:
256,192,981257,1,0,1:0:0:0:
256,192,981320,1,8,1:0:0:0:
256,192,981445,1,0,1:0:0:0:
256,192,981570,1,8,1:0:0:0:
256,192,981632,1,0,1:0:0:0:
256,192,981695,1,0,1:0:0:0:
256,192,981757,1,0,1:0:0:0:
256,192,981820,1,8,1:0:0:0:
256,192,981882,1,0,1:0:0:0:
256,192,981945,1,8,1:0:0:0:
256,192,982007,1,8,1:0:0:0:
256,192,982070,1,0,1:0:0:0:
256,192,982195,1,0,1:0:0:0:
256,192,982257,1,0,1:0:0:0:
256,192,982320,1,8,1:0:0:0:
256,192,982445,1,0,1:0:0:0:
256,192,982570,1,8,1:0:0:0:
256,192,982695,1,0,1:0:0:0:
256,192,982820,1,8,1:0:0:0:
256,192,982945,1,8,1:0:0:0:
256,192,983070,1,0,1:0:0:0:
256,192,983195,1,0,1:0:0:0:
256,192,983257,1,0,1:0:0:0:
256,192,983320,1,8,1:0:0:0:
256,192,983445,1,0,1:0:0:0:
256,192,983570,1,8,1:0:0:0:
256,192,983632,1,8,1:0:0:0:
256,192,983695,1,0,1:0:0:0:
256,192,983757,1,0,1:0:0:0:
256,192,983820,1,8,1:0:0:0:
256,192,983945,1,8,1:0:0:0:
256,192,984070,1,0,1:0:0:0:
256,192,984195,1,0,1:0:0:0:
256,192,984257,1,0,1:0:0:0:
256,192,984320,1,8,1:0:0:0:
256,192,984445,1,0,1:0:0:0:
256,192,984570,1,8,1:0:0:0:
256,192,984632,1,0,1:0:0:0:
256,192,984695,1,0,1:0:0:0:
256,192,984757,1,0,1:0:0:0:
256,192,984820,1,8,1:0:0:0:
256,192,984945,1,8,1:0:0:0:
256,192,985070,1,0,1:0:0:0:
256,192,985195,1,0,1:0:0:0:
256,192,985257,1,0,1:0:0:0:
256,192,985320,1,8,1:0:0:0:
256,192,985445,1,0,1:0:0:0:
256,192,985570,1,8,1:0:0:0:
256,192,985695,1,0,1:0:0:0:
256,192,985757,1,0,1:0:0:0:
256,192,985820,1,0,1:0:0:0:
256,192,985945,1,8,1:0:0:0:
256,192,986070,1,0,1:0:0:0:
256,192,986195,1,0,1:0:0:0:
256,192,986257,1,0,1:0:0:0:
256,192,986320,1,8,1:0:0:0:
256,192,986445,1,0,1:0:0:0:
256,192,986570,1,8,1:0:0:0:
256,192,986632,1,8,1:0:0:0:
256,192,986695,1,0,1:0:0:0:
256,192,986757,1,0,1:0:0:0:
256,192,986820,1,8,1:0:0:0:
256,192,986945,1,8,1:0:0:0:
256,192,987070,1,0,1:0:0:0:
256,192,987132,1,0,1:0:0:0:
256,192,987195,1,0,1:0:0:0:
256,192,987257,1,0,1:0:0:0:
256,192,987320,1,8,1:0:0:0:
256,192,987445,1,8,1:0:0:0:
256,192,987570,1,0,1:0:0:0:
256,192,987632,1,0,1:0:0:0:
256,192,987695,1,0,1:0:0:0:
256,192,987820,1,8,1:0:0:0:
256,192,987945,1,0,1:0:0:0:
256,192,988070,1,8,1:0:0:0:
256,192,988132,1,0,1:0:0:0:
256,192,988195,1,0,1:0:0:0:
256,192,988257,1,0,1:0:0:0:
256,192,988320,1,8,1:0:0:0:
256,192,988445,1,8,1:0:0:0:
256,192,988570,1,0,1:0:0:0:
256,192,988632,1,0,1:0:0:0:
256,192,988695,1,0,1:0:0:0:
256,192,988757,1,0,1:0:0:0:
256,192,988820,1,8,1:0:0:0:
256,192,988882,1,0,1:0:0:0:
256,192,988945,1,8,1:0:0:0:
256,192,989007,1,8,1:0:0:0:
256,192,989070,1,0,1:0:0:0:
256,192,989195,1,0,1:0:0:0:
256,192,989257,1,0,1:0:0:0:
256,192,989320,1,8,1:0:0:0:
256,192,989445,1,0,1:0:0:0:
256,192,989570,1,8,1:0:0:0:
256,192,989632,1,8,1:0:0:0:
256,192,989695,1,0,1:0:0:0:
256,192,989757,1,0,1:0:0:0:
256,192,989820,1,8,1:0:0:0:
256,192,989882,1,0,1:0:0:0:
256,192,989945,1,0,1:0:0:0:
256,192,990007,1,0,1:0:0:0:
256,192,990070,1,8,1:0:0:0:
256,192,990570,1,8,1:0:0:0:
256,192,990695,1,0,1:0:0:0:
256,192,990820,1,8,1:0:0:0:
256,192,990945,1,8,1:0:0:0:
256,192,991070,1,4,1:0:0:0:
256,192,991195,1,0,1:0:0:0:
256,192,991257,1,0,1:0:0:0:
256,192,991320,1,8,1:0:0:0:
256,192,991445,1,0,1:0:0:0:
256,192,991570,1,8,1:0:0:0:
256,192,991632,1,8,1:0:0:0:
256,192,991695,1,0,1:0:0:0:
256,192,991820,1,8,1:0:0:0:
256,192,991945,1,0,1:0:0:0:
256,192,992007,1,0,1:0:0:0:
256,192,992070,1,8,1:0:0:0:
256,192,992132,1,0,1:0:0:0:
256,192,992195,1,0,1:0:0:0:
256,192,992257,1,0,1:0:0:0:
256,192,992320,1,8,1:0:0:0:
256,192,992445,1,8,1:0:0:0:
256,192,992570,1,0,1:0:0:0:
256,192,992695,1,8,1:0:0:0:
256,192,992757,1,0,1:0:0:0:
256,192,992820,1,8,1:0:0:0:
256,192,992945,1,0,1:0:0:0:
256,192,993070,1,8,1:0:0:0:
256,192,993195,1,0,1:0:0:0:
256,192,993257,1,0,1:0:0:0:
256,192,993320,1,8,1:0:0:0:
256,192,993445,1,8,1:0:0:0:
256,192,993570,1,0,1:0:0:0:
256,192,993632,1,0,1:0:0:0:
256,192,993695,1,8,1:0:0:0:
256,192,993757,1,0,1:0:0:0:
256,192,993820,1,8,1:0:0:0:
256,192,993882,1,8,1:0:0:0:
256,192,993945,1,0,1:0:0:0:
256,192,994007,1,0,1:0:0:0:
256,192,994070,1,8,1:0:0:0:
256,192,994195,1,0,1:0:0:0:
256,192,994320,1,8,1:0:0:0:
256,192,994445,1,0,1:0:0:0:
256,192,994507,1,0,1:0:0:0:
256,192,994570,1,8,1:0:0:0:
256,192,994632,1,0,1:0:0:0:
256,192,994695,1,0,1:0:0:0:
256,192,994757,1,0,1:0:0:0:
256,192,994820,1,8,1:0:0:0:
256,192,994882,1,8,1:0:0:0:
256,192,994945,1,8,1:0:0:0:
256,192,995007,1,8,1:0:0:0:
256,192,995070,1,0,1:0:0:0:
256,192,995195,1,0,1:0:0:0:
256,192,995257,1,0,1:0:0:0:
256,192,995320,1,8,1:0:0:0:
256,192,995445,1,0,1:0:0:0:
256,192,995570,1,8,1:0:0:0:
256,192,995695,1,0,1:0:0:0:
256,192,995757,1,0,1:0:0:0:
256,192,995820,1,8,1:0:0:0:
256,192,995882,1,0,1:0:0:0:
256,192,995945,1,8,1:0:0:0:
256,192,996007,1,0,1:0:0:0:
256,192,996070,1,8,1:0:0:0:
256,192,996195,1,0,1:0:0:0:
256,192,996257,1,0,1:0:0:0:
256,192,996320,1,8,1:0:0:0:
256,192,996382,1,0,1:0:0:0:
256,192,996445,1,8,1:0:0:0:
256,192,996570,1,0,1:0:0:0:
256,192,996695,1,0,1:0:0:0:
256,192,996757,1,0,1:0:0:0:
256,192,996820,1,8,1:0:0:0:
256,192,996882,1,8,1:0:0:0:
256,192,996945,1,0,1:0:0:0:
256,192,997007,1,0,1:0:0:0:
256,192,997070,1,8,1:0:0:0:
256,192,997195,1,0,1:0:0:0:
256,192,997320,1,8,1:0:0:0:
256,192,997382,1,8,1:0:0:0:
256,192,997445,1,0,1:0:0:0:
256,192,997570,1,8,1:0:0:0:
256,192,997632,1,8,1:0:0:0:
256,192,997695,1,0,1:0:0:0:
256,192,997757,1,0,1:0:0:0:
256,192,997820,1,8,1:0:0:0:
256,192,997882,1,0,1:0:0:0:
256,192,997945,1,0,1:0:0:0:
256,192,998007,1,0,1:0:0:0:
256,192,998070,1,8,1:0:0:0:
256,192,998195,1,0,1:0:0:0:
256,192,998257,1,0,1:0:0:0:
256,192,998320,1,8,1:0:0:0:
256,192,998445,1,8,1:0:0:0:
256,192,998570,1,0,1:0:0:0:
256,192,998632,1,0,1:0:0:0:
256,192,998695,1,8,1:0:0:0:
256,192,998757,1,0,1:0:0:0:
256,192,998820,1,8,1:0:0:0:
256,192,998882,1,8,1:0:0:0:
256,192,998945,1,0,1:0:0:0:
256,192,999007,1,0,1:0:0:0:
256,192,999070,1,8,1:0:0:0:
256,192,999195,1,0,1:0:0:0:
256,192,999320,1,8,1:0:0:0:
256,192,999382,1,8,1:0:0:0:
256,192,999445,1,0,1:0:0:0:
256,192,999507,1,0,1:0:0:0:
256,192,999570,1,8,1:0:0:0:
256,192,999695,1,0,1:0:0:0:
256,192,999820,1,8,1:0:0:0:
256,192,999945,1,0,1:0:0:0:
256,192,1000007,1,0,1:0:0:0:
256,192,1000070,1,8,1:0:0:0:
256,192,1000132,1,0,1:0:0:0:
256,192,1000195,1,8,1:0:0:0:
256,192,1000257,1,8,1:0:0:0:
256,192,1000320,1,0,1:0:0:0:
256,192,1000445,1,8,1:0:0:0:
256,192,1000570,1,0,1:0:0:0:
256,192,1000632,1,0,1:0:0:0:
256,192,1000695,1,8,1:0:0:0:
256,192,1000757,1,0,1:0:0:0:
256,192,1000820,1,8,1:0:0:0:
256,192,1000882,1,0,1:0:0:0:
256,192,1000945,1,8,1:0:0:0:
256,192,1001007,1,8,1:0:0:0:
256,192,1001070,1,0,1:0:0:0:
256,192,1001195,1,0,1:0:0:0:
256,192,1001257,1,0,1:0:0:0:
256,192,1001320,1,8,1:0:0:0:
256,192,1001445,1,0,1:0:0:0:
256,192,1001570,1,8,1:0:0:0:
256,192,1001632,1,0,1:0:0:0:
256,192,1001695,1,0,1:0:0:0:
256,192,1001757,1,0,1:0:0:0:
256,192,1001820,1,8,1:0:0:0:
256,192,1001882,1,0,1:0:0:0:
256,192,1001945,1,8,1:0:0:0:
256,192,1002007,1,8,1:0:0:0:
256,192,1002070,1,0,1:0:0:0:
256,192,1002195,1,0,1:0:0:0:
256,192,1002257,1,0,1:0:0:0:
256,192,1002320,1,8,1:0:0:0:
256,192,1002382,1,8,1:0:0:0:
256,192,1002445,1,0,1:0:0:0:
256,192,1002507,1,0,1:0:0:0:
256,192,1002570,1,8,1:0:0:0:
256,192,1002632,1,0,1:0:0:0:
256,192,1002695,1,0,1:0:0:0:
256,192,1002757,1,0,1:0:0:0:
256,192,1002820,1,8,1:0:0:0:
256,192,1002882,1,0,1:0:0:0:
256,192,1002945,1,8,1:0:0:0:
256,192,1003070,1,4,1:0:0:0:
256,192,1003195,1,0,1:0:0:0:
256,192,1003257,1,0,1:0:0:0:
256,192,1003320,1,8,1:0:0:0:
256,192,1003445,1,0,1:0:0:0:
256,192,1003570,1,8,1:0:0:0:
256,192,1003820,1,0,1:0:0:0:
256,192,1003945,1,0,1:0:0:0:
256,192,1004070,1,12,1:0:0:0:
256,192,1004195,1,0,1:0:0:0:
256,192,1004320,1,8,1:0:0:0:
256,192,1004445,1,8,1:0:0:0:
256,192,1004695,1,8,1:0:0:0:
256,192,1005070,1,8,1:0:0:0:
256,192,1005570,1,8,1:0:0:0:
256,192,1005945,1,0,1:0:0:0:
256,192,1006070,1,8,1:0:0:0:
256,192,1006195,1,0,1:0:0:0:
256,192,1006320,1,8,1:0:0:0:
256,192,1006445,1,8,1:0:0:0:
256,192,1006570,1,0,1:0:0:0:
256,192,1006695,1,0,1:0:0:0:
256,192,1006945,1,8,1:0:0:0:
256,192,1007070,1,0,1:0:0:0:
256,192,1007320,1,0,1:0:0:0:
256,192,1007445,1,0,1:0:0:0:
256,192,1007570,1,8,1:0:0:0:
256,192,1007695,1,0,1:0:0:0:
256,192,1007820,1,8,1:0:0:0:
256,192,1008070,1,0,1:0:0:0:
256,192,1008320,1,0,1:0:0:0:
256,192,1008445,1,0,1:0:0:0:
256,192,1008570,1,8,1:0:0:0:
256,192,1008695,1,8,1:0:0:0:
256,192,1008820,1,8,1:0:0:0:
256,192,1008945,1,0,1:0:0:0:
256,192,1009070,1,8,1:0:0:0:
256,192,1009320,1,0,1:0:0:0:
256,192,1009570,1,8,1:0:0:0:
256,192,1009820,1,0,1:0:0:0:
256,192,1010195,1,0,1:0:0:0:
256,192,1010320,1,8,1:0:0:0:
256,192,1010403,1,0,1:0:0:0:
256,192,1010486,1,0,1:0:0:0:
256,192,1010570,1,8,1:0:0:0:
256,192,1010695,1,8,1:0:0:0:
256,192,1010820,1,0,1:0:0:0:
256,192,1010945,1,0,1:0:0:0:
256,192,1011070,1,0,1:0:0:0:
256,192,1011320,1,0,1:0:0:0:
256,192,1011445,1,0,1:0:0:0:
256,192,1011570,1,8,1:0:0:0:
256,192,1011820,1,8,1:0:0:0:
256,192,1011945,1,8,1:0:0:0:
256,192,1012195,1,8,1:0:0:0:
256,192,1012320,1,0,1:0:0:0:
256,192,1012445,1,8,1:0:0:0:
256,192,1012570,1,0,1:0:0:0:
256,192,1012695,1,8,1:0:0:0:
256,192,1012820,1,8,1:0:0:0:
256,192,1012945,1,0,1:0:0:0:
256,192,1013070,1,8,1:0:0:0:
256,192,1013195,1,0,1:0:0:0:
256,192,1013320,1,8,1:0:0:0:
256,192,1013445,1,8,1:0:0:0:
256,192,1013570,1,0,1:0:0:0:
256,192,1013695,1,0,1:0:0:0:
256,192,1013820,1,0,1:0:0:0:
256,192,1013945,1,8,1:0:0:0:
256,192,1014070,1,8,1:0:0:0:
256,192,1014132,1,0,1:0:0:0:
256,192,1014195,1,0,1:0:0:0:
256,192,1014320,1,8,1:0:0:0:
256,192,1014445,1,0,1:0:0:0:
256,192,1014570,1,8,1:0:0:0:
256,192,1014695,1,0,1:0:0:0:
256,192,1014820,1,8,1:0:0:0:
256,192,1014945,1,8,1:0:0:0:
256,192,1015070,1,0,1:0:0:0:
256,192,1015132,1,0,1:0:0:0:
256,192,1015195,1,8,1:0:0:0:
256,192,1015320,1,0,1:0:0:0:
256,192,1015445,1,0,1:0:0:0:
256,192,1015570,1,8,1:0:0:0:
256,192,1015695,1,0,1:0:0:0:
256,192,1015820,1,8,1:0:0:0:
256,192,1015945,1,8,1:0:0:0:
256,192,1016070,1,0,1:0:0:0:
256,192,1016132,1,0,1:0:0:0:
256,192,1016195,1,0,1:0:0:0:
256,192,1016320,1,8,1:0:0:0:
256,192,1016570,1,8,1:0:0:0:
256,192,1016695,1,0,1:0:0:0:
256,192,1016945,1,0,1:0:0:0:
256,192,1017070,1,8,1:0:0:0:
256,192,1017153,1,8,1:0:0:0:
256,192,1017236,1,0,1:0:0:0:
256,192,1017320,1,8,1:0:0:0:
256,192,1017403,1,0,1:0:0:0:
256,192,1017486,1,0,1:0:0:0:
256,192,1017570,1,8,1:0:0:0:
256,192,1017653,1,8,1:0:0:0:
256,192,1017736,1,8,1:0:0:0:
256,192,1017820,1,0,1:0:0:0:
256,192,1017903,1,0,1:0:0:0:
256,192,1017986,1,0,1:0:0:0:
256,192,1018070,1,8,1:0:0:0:
256,192,1018820,1,0,1:0:0:0:
256,192,1018986,1,8,1:0:0:0:
256,192,1019070,1,8,1:0:0:0:
256,192,1019153,1,0,1:0:0:0:
256,192,1019236,1,0,1:0:0:0:
256,192,1019320,1,8,1:0:0:0:
256,192,1019403,1,0,1:0:0:0:
256,192,1019486,1,0,1:0:0:0:
256,192,1019570,1,8,1:0:0:0:
256,192,1019820,1,0,1:0:0:0:
256,192,1020070,1,0,1:0:0:0:
256,192,1020320,1,8,1:0:0:0:
256,192,1020570,1,8,1:0:0:0:
256,192,1020820,1,0,1:0:0:0:
256,192,1021070,1,8,1:0:0:0:
256,192,1021320,1,0,1:0:0:0:
256,192,1021570,1,8,1:0:0:0:
256,192,1021820,1,0,1:0:0:0:
256,192,1021945,1,0,1:0:0:0:
256,192,1022320,1,8,1:0:0:0:
256,192,1022570,1,0,1:0:0:0:
256,192,1022695,1,8,1:0:0:0:
256,192,1022820,1,0,1:0:0:0:
256,192,1022945,1,0,1:0:0:0:
256,192,1023070,1,8,1:0:0:0:
256,192,1023195,1,0,1:0:0:0:
256,192,1023257,1,0,1:0:0:0:
256,192,1023320,1,8,1:0:0:0:
256,192,1023445,1,0,1:0:0:0:
256,192,1023570,1,8,1:0:0:0:
256,192,1023632,1,8,1:0:0:0:
256,192,1023695,1,0,1:0:0:0:
256,192,1023820,1,8,1:0:0:0:
256,192,1023882,1,8,1:0:0:0:
256,192,1023945,1,0,1:0:0:0:
256,192,1024007,1,0,1:0:0:0:
256,192,1024070,1,8,1:0:0:0:
256,192,1024570,1,8,1:0:0:0:
256,192,1024695,1,0,1:0:0:0:
256,192,1024820,1,8,1:0:0:0:
256,192,1024945,1,8,1:0:0:0:
256,192,1025070,1,0,1:0:0:0:
256,192,1025320,1,0,1:0:0:0:
256,192,1025445,1,0,1:0:0:0:
256,192,1025570,1,8,1:0:0:0:
256,192,1025820,1,0,1:0:0:0:
256,192,1026070,1,8,1:0:0:0:
256,192,1026195,1,0,1:0:0:0:
256,192,1026320,1,8,1:0:0:0:
256,192,1026445,1,8,1:0:0:0:
256,192,1026695,1,0,1:0:0:0:
256,192,1026820,1,8,1:0:0:0:
256,192,1026945,1,0,1:0:0:0:
256,192,1027070,1,8,1:0:0:0:
256,192,1027320,1,0,1:0:0:0:
256,192,1027445,1,0,1:0:0:0:
256,192,1027570,1,8,1:0:0:0:
256,192,1027695,1,0,1:0:0:0:
256,192,1027945,1,8,1:0:0:0:
256,192,1028070,1,0,1:0:0:0:
256,192,1028320,1,0,1:0:0:0:
256,192,1028570,1,8,1:0:0:0:
256,192,1028695,1,8,1:0:0:0:
256,192,1028820,1,0,1:0:0:0:
256,192,1028945,1,0,1:0:0:0:
256,192,1029070,1,8,1:0:0:0:
256,192,1029195,1,0,1:0:0:0:
256,192,1029320,1,8,1:0:0:0:
256,192,1029445,1,8,1:0:0:0:
256,192,1029570,1,0,1:0:0:0:
256,192,1029695,1,8,1:0:0:0:
256,192,1029820,1,0,1:0:0:0:
256,192,1029945,1,0,1:0:0:0:
256,192,1030070,1,8,1:0:0:0:
256,192,1030195,1,8,1:0:0:0:
256,192,1030320,1,8,1:0:0:0:
256,192,1030445,1,0,1:0:0:0:
256,192,1030570,1,8,1:0:0:0:
256,192,1030695,1,8,1:0:0:0:
256,192,1030820,1,0,1:0:0:0:
256,192,1030945,1,0,1:0:0:0:
256,192,1031070,1,8,1:0:0:0:
256,192,1031195,1,0,1:0:0:0:
256,192,1031320,1,0,1:0:0:0:
256,192,1031445,1,0,1:0:0:0:
256,192,1031570,1,8,1:0:0:0:
256,192,1031695,1,0,1:0:0:0:
256,192,1031820,1,0,1:0:0:0:
256,192,1031945,1,8,1:0:0:0:
256,192,1032070,1,8,1:0:0:0:
256,192,1032195,1,0,1:0:0:0:
256,192,1032320,1,8,1:0:0:0:
256,192,1032570,1,0,1:0:0:0:
256,192,1032695,1,8,1:0:0:0:
256,192,1032820,1,0,1:0:0:0:
256,192,1032945,1,0,1:0:0:0:
256,192,1033070,1,8,1:0:0:0:
256,192,1033320,1,0,1:0:0:0:
256,192,1033445,1,0,1:0:0:0:
256,192,1033570,1,8,1:0:0:0:
256,192,1033820,1,0,1:0:0:0:
256,192,1034070,1,8,1:0:0:0:
256,192,1034195,1,0,1:0:0:0:
256,192,1034320,1,8,1:0:0:0:
256,192,1034445,1,8,1:0:0:0:
256,192,1034695,1,0,1:0:0:0:
256,192,1034820,1,8,1:0:0:0:
256,192,1034945,1,0,1:0:0:0:
256,192,1035070,1,8,1:0:0:0:
256,192,1035320,1,0,1:0:0:0:
256,192,1035445,1,0,1:0:0:0:
256,192,1035570,1,8,1:0:0:0:
256,192,1035695,1,0,1:0:0:0:
256,192,1035945,1,8,1:0:0:0:
256,192,1036070,1,0,1:0:0:0:
256,192,1036320,1,0,1:0:0:0:
256,192,1036570,1,8,1:0:0:0:
256,192,1036820,1,0,1:0:0:0:
256,192,1037070,1,8,1:0:0:0:
256,192,1037153,1,8,1:0:0:0:
256,192,1037236,1,0,1:0:0:0:
256,192,1037320,1,8,1:0:0:0:
256,192,1037403,1,0,1:0:0:0:
256,192,1037486,1,0,1:0:0:0:
256,192,1037570,1,8,1:0:0:0:
256,192,1037695,1,0,1:0:0:0:
256,192,1037820,1,8,1:0:0:0:
256,192,1037945,1,8,1:0:0:0:
256,192,1038070,1,0,1:0:0:0:
256,192,1038195,1,0,1:0:0:0:
256,192,1038320,1,0,1:0:0:0:
256,192,1038445,1,8,1:0:0:0:
256,192,1038820,1,0,1:0:0:0:
256,192,1039070,1,8,1:0:0:0:
256,192,1039195,1,0,1:0:0:0:
256,192,1039257,1,0,1:0:0:0:
256,192,1039320,1,8,1:0:0:0:
256,192,1039445,1,0,1:0:0:0:
256,192,1039570,1,8,1:0:0:0:
256,192,1039632,1,0,1:0:0:0:
256,192,1039695,1,0,1:0:0:0:
256,192,1039757,1,0,1:0:0:0:
256,192,1039820,1,8,1:0:0:0:
256,192,1039882,1,0,1:0:0:0:
256,192,1039945,1,8,1:0:0:0:
256,192,1040007,1,0,1:0:0:0:
256,192,1040070,1,8,1:0:0:0:
256,192,1040570,1,8,1:0:0:0:
256,192,1040695,1,0,1:0:0:0:
256,192,1040820,1,8,1:0:0:0:
256,192,1040945,1,8,1:0:0:0:
256,192,1041070,1,4,1:0:0:0:
256,192,1041195,1,0,1:0:0:0:
256,192,1041257,1,0,1:0:0:0:
256,192,1041320,1,8,1:0:0:0:
256,192,1041382,1,0,1:0:0:0:
256,192,1041445,1,0,1:0:0:0:
256,192,1041507,1,0,1:0:0:0:
256,192,1041570,1,8,1:0:0:0:
256,192,1041695,1,0,1:0:0:0:
256,192,1041820,1,8,1:0:0:0:
256,192,1041882,1,8,1:0:0:0:
256,192,1041945,1,0,1:0:0:0:
256,192,1042007,1,0,1:0:0:0:
256,192,1042070,1,8,1:0:0:0:
256,192,1042195,1,0,1:0:0:0:
256,192,1042257,1,0,1:0:0:0:
256,192,1042320,1,8,1:0:0:0:
256,192,1042445,1,8,1:0:0:0:
256,192,1042570,1,0,1:0:0:0:
256,192,1042695,1,8,1:0:0:0:
256,192,1042757,1,0,1:0:0:0:
256,192,1042820,1,8,1:0:0:0:
256,192,1042882,1,8,1:0:0:0:
256,192,1042945,1,0,1:0:0:0:
256,192,1043007,1,0,1:0:0:0:
256,192,1043070,1,8,1:0:0:0:
256,192,1043195,1,0,1:0:0:0:
256,192,1043257,1,0,1:0:0:0:
256,192,1043320,1,8,1:0:0:0:
256,192,1043445,1,8,1:0:0:0:
256,192,1043570,1,0,1:0:0:0:
256,192,1043632,1,0,1:0:0:0:
256,192,1043695,1,8,1:0:0:0:
256,192,1043757,1,0,1:0:0:0:
256,192,1043820,1,8,1:0:0:0:
256,192,1043945,1,0,1:0:0:0:
256,192,1044007,1,0,1:0:0:0:
256,192,1044070,1,8,1:0:0:0:
256,192,1044195,1,0,1:0:0:0:
256,192,1044320,1,8,1:0:0:0:
256,192,1044445,1,0,1:0:0:0:
256,192,1044507,1,0,1:0:0:0:
256,192,1044570,1,8,1:0:0:0:
256,192,1044632,1,0,1:0:0:0:
256,192,1044695,1,0,1:0:0:0:
256,192,1044757,1,0,1:0:0:0:
256,192,1044820,1,8,1:0:0:0:
256,192,1044945,1,8,1:0:0:0:
256,192,1045070,1,0,1:0:0:0:
256,192,1045132,1,0,1:0:0:0:
256,192,1045195,1,0,1:0:0:0:
256,192,1045257,1,0,1:0:0:0:
256,192,1045320,1,8,1:0:0:0:
256,192,1045445,1,0,1:0:0:0:
256,192,1045570,1,8,1:0:0:0:
256,192,1045632,1,8,1:0:0:0:
256,192,1045695,1,0,1:0:0:0:
256,192,1045757,1,0,1:0:0:0:
256,192,1045820,1,8,1:0:0:0:
256,192,1045882,1,0,1:0:0:0:
256,192,1045945,1,0,1:0:0:0:
256,192,1046007,1,0,1:0:0:0:
256,192,1046070,1,8,1:0:0:0:
256,192,1046195,1,0,1:0:0:0:
256,192,1046257,1,0,1:0:0:0:
256,192,1046320,1,8,1:0:0:0:
256,192,1046382,1,0,1:0:0:0:
256,192,1046445,1,8,1:0:0:0:
256,192,1046570,1,0,1:0:0:0:
256,192,1046695,1,0,1:0:0:0:
256,192,1046757,1,0,1:0:0:0:
256,192,1046820,1,8,1:0:0:0:
256,192,1046882,1,8,1:0:0:0:
256,192,1046945,1,0,1:0:0:0:
256,192,1047007,1,0,1:0:0:0:
256,192,1047070,1,8,1:0:0:0:
256,192,1047195,1,0,1:0:0:0:
256,192,1047320,1,8,1:0:0:0:
256,192,1047382,1,8,1:0:0:0:
256,192,1047445,1,0,1:0:0:0:
256,192,1047570,1,8,1:0:0:0:
256,192,1047632,1,8,1:0:0:0:
256,192,1047695,1,0,1:0:0:0:
256,192,1047757,1,0,1:0:0:0:
256,192,1047820,1,8,1:0:0:0:
256,192,1047945,1,0,1:0:0:0:
256,192,1048070,1,8,1:0:0:0:
256,192,1048132,1,8,1:0:0:0:
256,192,1048195,1,0,1:0:0:0:
256,192,1048257,1,0,1:0:0:0:
256,192,1048320,1,8,1:0:0:0:
256,192,1048382,1,0,1:0:0:0:
256,192,1048445,1,0,1:0:0:0:
256,192,1048507,1,0,1:0:0:0:
256,192,1048570,1,8,1:0:0:0:
256,192,1048632,1,0,1:0:0:0:
256,192,1048695,1,8,1:0:0:0:
256,192,1048757,1,0,1:0:0:0:
256,192,1048820,1,8,1:0:0:0:
256,192,1048882,1,8,1:0:0:0:
256,192,1048945,1,0,1:0:0:0:
256,192,1049007,1,0,1:0:0:0:
256,192,1049070,1,8,1:0:0:0:
256,192,1049195,1,0,1:0:0:0:
256,192,1049320,1,8,1:0:0:0:
256,192,1049382,1,8,1:0:0:0:
256,192,1049445,1,0,1:0:0:0:
256,192,1049507,1,0,1:0:0:0:
256,192,1049570,1,8,1:0:0:0:
256,192,1049695,1,0,1:0:0:0:
256,192,1049820,1,8,1:0:0:0:
256,192,1049945,1,0,1:0:0:0:
256,192,1050007,1,0,1:0:0:0:
256,192,1050070,1,8,1:0:0:0:
256,192,1050195,1,0,1:0:0:0:
256,192,1050257,1,0,1:0:0:0:
256,192,1050320,1,8,1:0:0:0:
256,192,1050382,1,0,1:0:0:0:
256,192,1050445,1,8,1:0:0:0:
256,192,1050570,1,0,1:0:0:0:
256,192,1050632,1,0,1:0:0:0:
256,192,1050695,1,0,1:0:0:0:
256,192,1050757,1,0,1:0:0:0:
256,192,1050820,1,8,1:0:0:0:
256,192,1050882,1,0,1:0:0:0:
256,192,1050945,1,8,1:0:0:0:
256,192,1051007,1,8,1:0:0:0:
256,192,1051070,1,0,1:0:0:0:
256,192,1051195,1,0,1:0:0:0:
256,192,1051257,1,0,1:0:0:0:
256,192,1051320,1,8,1:0:0:0:
256,192,1051445,1,0,1:0:0:0:
256,192,1051570,1,8,1:0:0:0:
256,192,1051632,1,0,1:0:0:0:
256,192,1051695,1,0,1:0:0:0:
256,192,1051757,1,0,1:0:0:0:
256,192,1051820,1,8,1:0:0:0:
256,192,1051882,1,0,1:0:0:0:
256,192,1051945,1,8,1:0:0:0:
256,192,1052007,1,8,1:0:0:0:
256,192,1052070,1,0,1:0:0:0:
256,192,1052195,1,0,1:0:0:0:
256,192,1052257,1,0,1:0:0:0:
256,192,1052320,1,8,1:0:0:0:
256,192,1052382,1,8,1:0:0:0:
256,192,1052445,1,0,1:0:0:0:
256,192,1052507,1,0,1:0:0:0:
256,192,1052570,1,8,1:0:0:0:
256,192,1052632,1,0,1:0:0:0:
256,192,1052695,1,0,1:0:0:0:
256,192,1052757,1,0,1:0:0:0:
256,192,1052820,1,8,1:0:0:0:
256,192,1052882,1,0,1:0:0:0:
256,192,1052945,1,8,1:0:0:0:
256,192,1053070,1,4,1:0:0:0:
256,192,1053195,1,0,1:0:0:0:
256,192,1053257,1,0,1:0:0:0:
256,192,1053320,1,8,1:0:0:0:
256,192,1053445,1,0,1:0:0:0:
256,192,1053570,1,8,1:0:0:0:
256,192,1053820,1,0,1:0:0:0:
256,192,1053945,1,0,1:0:0:0:
256,192,1054070,1,12,1:0:0:0:
256,192,1054195,1,0,1:0:0:0:
256,192,1054320,1,8,1:0:0:0:
256,192,1054445,1,8,1:0:0:0:
256,192,1054695,1,8,1:0:0:0:
256,192,1055570,1,0,1:0:0:0:
256,192,1056070,1,8,1:0:0:0:
256,192,1056570,1,8,1:0:0:0:
256,192,1057070,1,0,1:0:0:0:
256,192,1057195,1,0,1:0:0:0:
256,192,1057257,1,0,1:0:0:0:
256,192,1057320,1,8,1:0:0:0:
256,192,1057445,1,0,1:0:0:0:
256,192,1057570,1,0,1:0:0:0:
256,192,1057632,1,0,1:0:0:0:
256,192,1057695,1,0,1:0:0:0:
256,192,1057820,1,8,1:0:0:0:
256,192,1057882,1,8,1:0:0:0:
256,192,1057945,1,8,1:0:0:0:
256,192,1058007,1,8,1:0:0:0:
256,192,1058070,1,0,1:0:0:0:
256,192,1058132,1,0,1:0:0:0:
256,192,1058195,1,0,1:0:0:0:
256,192,1058257,1,0,1:0:0:0:
256,192,1058320,1,8,1:0:0:0:
256,192,1058382,1,0,1:0:0:0:
256,192,1058445,1,0,1:0:0:0:
256,192,1058507,1,0,1:0:0:0:
256,192,1058570,1,8,1:0:0:0:
256,192,1058632,1,0,1:0:0:0:
256,192,1058695,1,0,1:0:0:0:
256,192,1058757,1,0,1:0:0:0:
256,192,1058820,1,8,1:0:0:0:
256,192,1058882,1,8,1:0:0:0:
256,192,1058945,1,8,1:0:0:0:
256,192,1059007,1,8,1:0:0:0:
256,192,1059070,1,0,1:0:0:0:
256,192,1059195,1,0,1:0:0:0:
256,192,1059257,1,0,1:0:0:0:
256,192,1059320,1,8,1:0:0:0:
256,192,1059382,1,0,1:0:0:0:
256,192,1059445,1,0,1:0:0:0:
256,192,1059570,1,8,1:0:0:0:
256,192,1059695,1,0,1:0:0:0:
256,192,1059757,1,0,1:0:0:0:
256,192,1059820,1,8,1:0:0:0:
256,192,1059882,1,8,1:0:0:0:
256,192,1059945,1,8,1:0:0:0:
256,192,1060007,1,8,1:0:0:0:
256,192,1060070,1,0,1:0:0:0:
256,192,1060195,1,0,1:0:0:0:
256,192,1060257,1,0,1:0:0:0:
256,192,1060320,1,8,1:0:0:0:
256,192,1060445,1,0,1:0:0:0:
256,192,1060570,1,8,1:0:0:0:
256,192,1060632,1,0,1:0:0:0:
256,192,1060695,1,0,1:0:0:0:
256,192,1060757,1,0,1:0:0:0:
256,192,1060820,1,8,1:0:0:0:
256,192,1060882,1,0,1:0:0:0:
256,192,1060945,1,8,1:0:0:0:
256,192,1061007,1,8,1:0:0:0:
256,192,1061070,1,0,1:0:0:0:
256,192,1061195,1,0,1:0:0:0:
256,192,1061320,1,8,1:0:0:0:
256,192,1061445,1,0,1:0:0:0:
256,192,1061507,1,0,1:0:0:0:
256,192,1061570,1,0,1:0:0:0:
256,192,1061695,1,0,1:0:0:0:
256,192,1061820,1,8,1:0:0:0:
256,192,1061945,1,0,1:0:0:0:
256,192,1062070,1,8,1:0:0:0:
256,192,1062337,1,8,1:0:0:0:
256,192,1062617,1,0,1:0:0:0:
256,192,1062905,1,8,1:0:0:0:
256,192,1063570,1,0,1:0:0:0:
256,192,1063945,1,0,1:0:0:0:
256,192,1064070,1,8,1:0:0:0:
256,192,1064320,1,0,1:0:0:0:
256,192,1064570,1,8,1:0:0:0:
256,192,1064820,1,8,1:0:0:0:
256,192,1064945,1,0,1:0:0:0:
256,192,1065070,1,8,1:0:0:0:
256,192,1065320,1,0,1:0:0:0:
256,192,1065570,1,8,1:0:0:0:
256,192,1065820,1,0,1:0:0:0:
256,192,1066070,1,8,1:0:0:0:
256,192,1066445,1,0,1:0:0:0:
256,192,1066570,1,12,1:0:0:0:
256,192,1066820,1,0,1:0:0:0:
256,192,1066945,1,0,1:0:0:0:
256,192,1067070,1,8,1:0:0:0:
256,192,1067195,1,0,1:0:0:0:
256,192,1067320,1,8,1:0:0:0:
256,192,1067445,1,0,1:0:0:0:
256,192,1067570,1,8,1:0:0:0:
256,192,1067695,1,0,1:0:0:0:
256,192,1067757,1,0,1:0:0:0:
256,192,1067820,1,8,1:0:0:0:
256,192,1067945,1,0,1:0:0:0:
256,192,1068070,1,8,1:0:0:0:
256,192,1068132,1,8,1:0:0:0:
256,192,1068195,1,8,1:0:0:0:
256,192,1068257,1,8,1:0:0:0:
256,192,1068320,1,0,1:0:0:0:
256,192,1068382,1,0,1:0:0:0:
256,192,1068445,1,0,1:0:0:0:
256,192,1068507,1,0,1:0:0:0:
256,192,1068570,1,8,1:0:0:0:
256,192,1068820,1,0,1:0:0:0:
256,192,1068945,1,8,1:0:0:0:
256,192,1069195,1,8,1:0:0:0: